weights
500, 10, 
-0.00427108, -0.0579641, 0.04217, -0.00981865, 0.153741, -0.0515245, 0.173542, -0.115704, -0.142758, 0.0287822, 
0.0777152, 0.13947, -0.0354977, -0.0419854, 0.101943, -0.0124345, -0.045028, -0.132216, -0.146516, -0.0452169, 
0.0608641, 0.0650839, -0.0381904, 0.0352964, -0.0810763, -0.114844, 0.0720612, -0.0168555, -0.0724927, 0.0257111, 
-0.118727, -0.0263582, -0.0124479, 0.100007, 0.0760407, -0.0177047, -0.138468, 0.0433489, -0.0880499, 0.0609636, 
-0.0570055, -0.0781913, -0.0327342, 0.0103376, 0.0615756, 0.141306, 0.0890529, -0.0155365, 0.0130565, -0.134422, 
0.00259193, 0.0335966, 0.055603, -0.0613336, 0.0451039, 0.0404092, -0.0513301, 0.0448271, 0.0606933, -0.037657, 
-0.0461877, -0.0173994, -0.0348436, 0.0722125, 0.0185368, 0.044848, 2.36117e-06, 0.0204023, 0.0471425, -0.0607199, 
-0.067073, 0.13388, -0.126622, 0.0218626, 0.00228032, -0.0704283, 0.0242398, 0.015869, 0.0881048, -0.0421876, 
0.0542012, -0.035547, 0.0222831, -0.0801678, 0.0464736, 0.0372925, 0.0424198, -0.11415, 0.074204, -0.0417733, 
-0.033556, -0.0852217, 0.0879678, 0.0620551, -0.0155724, 0.0122718, -0.0712105, -0.101588, 0.0691726, 0.0242128, 
-0.0819663, -0.0588707, -0.148172, 0.133224, -0.0362277, 0.0454828, 0.029672, 0.0193079, 0.102507, -0.0510734, 
-0.012542, -0.0538008, -0.0362529, -0.0130693, 0.116914, -0.066705, -0.0780019, -0.0753604, 0.112454, 0.00190581, 
0.025582, -0.0159297, 0.00365719, -0.125572, 0.00103609, 0.0577355, 0.0284167, 0.0388271, -0.0260747, 0.0399193, 
-0.0767542, 0.061901, -0.114179, -0.0519656, 0.0650191, -0.134131, -0.0495346, 0.0646147, 0.0957741, 0.0697468, 
-0.00880282, 0.0413017, 0.0035578, 0.163906, -0.124543, 0.0325237, 0.063929, -0.113361, -0.0631085, 0.0804871, 
0.000840349, 0.000894607, -0.0408966, 0.135765, -0.179875, -0.0326081, -0.0965811, 0.0698708, 0.0590277, 0.032446, 
-0.0526475, 0.0263154, 0.0417852, 0.0612961, -0.048556, 0.0796582, -0.0633099, 0.0918855, -0.0771028, -0.137317, 
-0.0407063, -0.150168, -0.191594, 0.129906, -0.0386615, 0.16327, 0.123013, -0.0856648, 0.0632084, -0.0230491, 
-0.0562111, 0.00329648, -0.0800086, -0.0480281, -0.0280547, -0.0105737, -0.0153738, 0.0827924, -0.0180571, 0.042172, 
-0.0625015, -0.0731508, 0.105619, 0.00310373, -0.0467881, -0.0305394, 0.0680024, 0.0162198, -0.0572454, 0.0282286, 
-0.0469602, 0.065773, -0.0825653, 0.023904, -0.0900376, 0.00550979, 0.00219766, 0.0684349, 0.0659861, -0.0826722, 
0.0462267, -0.107783, 0.0643172, -0.0762071, -0.100447, 0.0770067, 0.0418721, 0.0690108, -0.0768348, -0.112151, 
0.110614, -0.0368136, -0.00321346, -0.000624229, -0.114211, -0.0198732, -0.0328301, -0.0480103, -0.0301093, 0.0939838, 
0.0567498, -0.0268316, 0.0126683, -0.0205438, -0.0300835, 0.0051285, 0.108195, -0.0477437, 0.102542, -0.0408238, 
-0.0884157, -0.0277599, -0.00813099, 0.067801, 0.0636678, -0.079525, 0.0588161, 0.0462334, 0.111031, -0.0250845, 
-0.106959, -0.0992985, 0.0684628, 0.0558857, -0.040431, 0.00826915, -0.0764783, 0.0299783, 0.13755, 0.0481619, 
-0.0251838, 0.0759889, 0.0350209, 0.0218175, -0.0928781, 0.0200876, 0.0443746, 0.0454766, -0.0659069, 0.00705774, 
0.109369, -0.0240952, 0.0597583, -0.00272365, -0.148683, 0.0422267, -0.00319458, -0.0116132, 0.0252571, -0.0102186, 
0.0150502, -0.0285213, 0.0424503, 0.00055583, -0.140231, -0.0492165, -0.00109745, -0.0381453, -0.0230467, 0.112471, 
-0.0489624, 0.06175, -0.0426268, -0.0377873, 0.035258, -0.0303108, -0.0387282, -0.0566327, 0.112254, -0.0301383, 
0.110967, -0.0535104, -0.0744716, 0.0246533, -0.00182282, -0.00281648, 0.0378943, 0.127889, -0.114052, 0.0194825, 
0.0273362, 0.0102334, -0.0670347, -0.0167947, 0.0280424, -0.043152, -0.00173574, 0.0476184, 0.0147029, -0.0490104, 
-0.0146838, -0.0654968, 0.150881, 0.128734, -0.110219, 0.0106494, -0.056992, -0.0750629, 0.0160497, -0.005818, 
-0.0620839, -0.056074, 0.0511815, 0.133292, -0.147669, -0.114809, 0.0187132, 0.0895797, 0.0725006, -0.0179226, 
0.0498853, 0.0946567, 0.0205646, -0.0657362, -0.0300084, -0.0331196, -0.0281219, 0.00304318, -0.0507597, 0.0236686, 
0.00990455, -0.0354587, 0.0780781, -0.0297998, -0.0216338, -0.0275495, -0.0181599, 0.0382462, -0.0758227, -0.120435, 
0.0126124, -0.0463447, -0.170082, -0.0993627, 0.0298701, -0.0204764, 0.211962, -0.00509411, 0.0795989, -0.0327483, 
0.0268875, -0.00361274, 0.0789232, 0.0911274, -0.102764, -0.0382038, -0.0503865, 0.0204522, 0.02945, -0.0950678, 
-0.0510392, -0.129681, 0.0998331, -0.00634285, -0.063722, -0.141282, -0.00703986, 0.0363414, 0.173474, 0.12013, 
-0.00815118, -0.0417355, -0.0549093, 0.00952969, 0.0091068, 0.0153807, -0.0280479, 0.0412221, -0.0249463, 0.0804656, 
-0.131956, 0.0643732, -0.0349229, 0.0697653, -0.0200654, 0.130156, -0.123363, 0.102081, -0.142776, -0.0540641, 
-0.115876, -0.0620227, -0.222699, -0.0237513, 0.106644, 0.149538, 0.151657, -0.135405, 0.144485, 0.048912, 
-0.0758795, 0.00197633, -0.0960019, -0.00872148, -0.0248902, 0.191548, 0.0371538, 0.102479, 0.0480278, 0.0175382, 
-0.0379524, 0.0255368, -0.0314875, 0.0312566, -0.042355, 0.0821463, -0.0446235, -0.0305713, -0.00121089, 0.0405393, 
0.0575844, -0.0467779, 0.0440306, 0.0138391, -0.112652, -0.0699686, -0.0600136, -0.0612814, 0.0180425, 0.01016, 
-0.0732381, 0.0142814, 0.0365107, -0.0725755, 0.129973, -0.143815, -0.0931278, 0.0462518, -0.142978, 0.198353, 
-0.0878813, 0.106287, -0.0228414, -0.102599, -0.00033178, -0.11216, -0.00186313, -0.00651748, -0.173428, 0.20148, 
-0.0591878, 0.0640605, 0.144871, -0.0860296, 0.0173098, -0.031222, 0.148189, 0.0517622, -0.0847388, -0.102436, 
0.131664, -0.0755683, -0.105964, 4.15285e-05, -0.0156193, 0.0461667, -0.0600285, 0.0323434, 0.0644088, -0.0886111, 
-0.0724478, 0.0662181, 0.120905, -0.0837857, -0.0837348, 0.11017, 0.0559337, -0.0446464, -0.0402949, 0.0458579, 
0.00339816, -0.0812279, -0.0575237, -0.00870304, 0.056384, -0.00830333, 0.0135662, -0.10627, -0.0576953, 0.141522, 
0.0566393, 0.141088, 0.00363611, -0.0433443, -0.0647192, -0.0668044, 0.0356967, 0.0443424, -0.106338, -0.0651435, 
0.096802, -0.061223, -0.0553709, 0.0767123, -0.0276736, 0.139314, 0.115316, -0.122572, -0.144229, 0.10257, 
-0.0238726, -0.12263, -0.00477629, 0.0239357, 0.00755179, -0.144037, -0.065867, -0.0298439, 0.0894986, 0.0852202, 
-0.0423281, -0.00871257, 0.0239837, -0.0183475, -0.0397151, 0.053804, -0.0140669, -0.0173079, -0.033372, 0.0518609, 
0.122295, 0.0583745, -0.0747709, 0.0243202, -0.0493777, -0.0614187, -0.00563856, -0.0557509, -0.093989, -0.00457122, 
-0.0244296, 0.0199536, -0.0253921, -0.0640761, -0.0764099, -0.0281415, 0.136564, 0.0099025, -0.0781184, 0.041586, 
-0.0859923, -0.0430795, 0.0161178, 0.0986091, -0.143138, -0.0608006, 0.0422245, 0.110595, -0.0631077, 0.0290751, 
0.0964494, 0.0741065, -0.0199564, -0.0365789, 0.00242739, -0.0441898, -0.117018, -0.0070315, -0.00712947, -0.0273798, 
0.0708575, 0.0625927, -0.12585, -0.180643, -0.0206063, -0.114876, 0.121855, 0.0279808, 0.192458, -0.0937978, 
-0.0984148, -0.0422182, 0.0051213, -0.00931456, -0.0706513, 0.0637986, 0.0839437, -0.097884, 0.122987, 0.0680197, 
-0.0772202, -0.0537097, -0.0220469, 0.116322, 0.0207592, 0.00988577, 0.0144464, 0.0104594, 0.0567185, -0.00422461, 
0.03455, 0.13844, -0.121019, 0.00195279, 0.0454057, -0.118668, 0.0844834, -0.0262333, -0.0774608, 0.0178519, 
-0.0164566, -0.017588, 0.0582574, -0.010846, 0.0212933, -0.0545623, 0.0147043, 0.0275501, 0.0103016, 0.0270101, 
-0.0592525, -0.0691591, -0.0873383, -0.0255596, 0.0540133, 0.04632, 0.107665, -0.0680777, -0.0244491, 0.0589759, 
-0.0820589, -0.00753196, 0.0327744, 0.199602, -0.114888, -0.168853, -0.150047, 0.00696449, 0.232693, 0.10534, 
-0.103665, 0.0675867, -0.0530651, -0.0431071, -0.0210942, 0.13803, 0.0546376, 0.0394606, 0.0297548, -0.0163045, 
-0.0467563, -0.0393362, -0.00347813, 0.137596, -0.0103596, 0.10187, -0.087053, -0.0494441, -0.0224735, -0.0277146, 
-0.0503001, -0.0172843, 0.00878904, -0.06849, -0.0117676, 0.047768, -0.00393143, 0.0359133, 0.0513166, 0.00812291, 
-0.0463494, 0.0405134, 0.0431825, 0.095395, -0.0547386, 0.0231303, 0.00413124, -0.0770737, 0.0134214, -0.0971162, 
-0.0222003, 0.0265487, 0.0320087, 0.129824, -0.065076, -0.0793453, 0.0120327, 0.0514575, 0.0683354, -0.132717, 
-0.0463099, -0.0182582, -0.0436985, -0.0835555, 0.0934649, 0.0238909, -0.03821, 0.111854, 0.00698107, -0.0949858, 
-0.0263294, 0.0481662, -0.0341588, -0.103768, 0.158807, -0.113877, -0.021875, -0.11396, 0.00974844, 0.158826, 
-0.00547399, 0.0144946, 0.0614617, -0.0162573, -0.0555584, -0.0465502, -0.0532568, 0.0907182, -0.0342413, 0.00246242, 
-0.0922673, -0.0508009, 0.0606856, 0.0185753, 5.50197e-05, 0.136293, -0.0359442, -0.0239712, 0.0618762, 0.0517182, 
0.00518218, -0.0508297, 0.0506182, 0.150671, 0.0209305, -0.111855, -0.0524253, 0.00534364, -0.0948838, -0.0110319, 
-0.0289027, 0.0437764, 0.121267, 0.0650828, -0.029933, 0.0541905, 0.0159458, -0.0300707, -0.0339681, -0.0586591, 
-0.103748, -0.0127127, -0.114108, 0.127426, 0.239949, 0.0606134, -0.00643243, 0.00817027, -0.119332, 0.0690511, 
-0.055831, -0.0388883, -0.0186554, 0.0129482, 0.0312915, 0.0476556, -0.0663147, 0.0530309, 0.0217603, -0.040705, 
-0.10151, 0.0573284, -0.0188796, -0.0750834, 0.0696737, 0.00960431, -0.138527, 0.115437, -0.0929959, 0.0638081, 
-0.00273276, -0.0564752, 0.0434616, 0.0313086, 0.143615, 0.107615, -0.156814, 0.112027, -0.217697, -0.00439413, 
0.0068373, -0.0800052, 0.0655715, -0.0487307, 0.0798963, -0.00839223, 0.0288293, -0.11838, 0.0997579, -0.191549, 
0.0518996, -0.0999195, -0.0486048, -0.0833921, 0.0384352, 0.0129981, 0.02664, 0.0131167, -0.0636124, 0.0981364, 
0.0673502, 0.0244882, -0.00211585, -0.0136952, -0.0110283, 0.00252199, -0.0667169, 0.124946, -0.050937, -0.080344, 
0.0938214, 0.102103, 0.0129611, 0.00994982, -0.0258957, -0.055022, -0.0607243, 0.164801, -0.0639642, 0.0127557, 
-0.0021803, -0.0175294, -0.0367632, 0.0119133, -0.0212833, 0.0386201, -0.00359902, -0.0274266, 0.0186339, -0.0358867, 
0.00340439, 0.0231703, 0.0816816, 0.0954954, -0.0617868, -0.18433, -0.0723928, 0.0939035, -0.000384023, -0.0765462, 
-0.0308152, 0.0660278, -0.0241212, -0.0448392, -0.0446925, -0.0602594, 0.0517579, 0.0635285, 0.00670834, -0.0227284, 
-0.016977, 0.0499687, 0.020679, -0.0374888, -0.0373977, -0.0542212, 0.0314049, 0.0762531, -0.0429065, -0.053312, 
0.0522611, 0.0721906, -0.0686709, 0.0385873, 0.0329953, 0.0493651, -0.0777899, 0.0655259, -0.118595, 0.0207619, 
-0.0434493, -0.0363088, 0.0277096, -0.0746946, 0.030141, 0.0704162, -0.103285, -0.0335359, -0.14914, 0.0977466, 
0.0158722, 0.104846, -0.10894, -0.0222542, -0.0255008, 0.0628933, 0.00862947, 0.080104, -0.0250315, -0.0162077, 
0.0468935, -0.0334399, -0.056353, -0.101232, -0.074551, -0.0112575, 0.0834378, 0.0316601, 0.0417681, 0.0838626, 
-0.0893138, 0.0372512, -0.00507864, 0.0738081, -0.0407321, -0.0405779, -0.062522, 0.0413109, -0.0928379, -0.000441315, 
-0.00305552, 0.0397579, 0.125553, -0.0775825, 0.0868997, 0.0259329, -0.0604309, 0.0309223, -0.186784, 0.00328743, 
-0.0447148, -0.00501156, 0.0226366, -0.0820173, 0.00667278, 0.0204232, -0.00580415, 0.0143637, 0.0043512, 0.0194093, 
-0.0125089, -0.0387703, 0.0302519, -0.0243744, -0.0630191, 0.108381, 0.087715, -0.0896326, 0.0881707, -0.0605943, 
0.0676057, -0.0141776, 0.0720767, -0.054873, -0.0691347, -0.0181947, -0.0522617, 0.00739698, 0.0264204, -0.0548613, 
0.0109088, -0.0800182, 0.0745179, 0.0996584, -0.0573941, 0.0334624, -0.179978, 0.0788254, 0.0495135, 0.104691, 
0.0296478, 0.0605014, -0.0112535, 0.0423572, -0.0440321, -0.084599, -0.029723, 0.0554422, -0.0413805, -0.0834949, 
0.0288277, 0.0217786, 0.0279966, 0.0147064, 0.0178261, -0.0349297, -0.030373, -0.0237011, 0.0473546, -0.00280243, 
-0.0678368, 0.0425606, 0.0362273, 0.0317149, -0.0137064, 0.014438, -0.0587471, -0.0788364, 0.0743414, 0.11828, 
-0.041672, -0.0413764, -0.0261682, -0.0133836, 0.0456713, -0.00622257, 0.0389679, -0.041551, 0.112571, 0.0619684, 
0.00519621, -0.0130919, 0.0701236, -0.0773986, 0.124083, -0.180893, -0.0459578, 0.21321, -0.0637359, 0.00909777, 
-0.0437546, 0.00207856, 0.0156426, -0.0885078, 0.133725, 0.099413, -0.0450355, -0.0691082, 0.120737, 0.0130893, 
0.0840856, 0.0710719, 0.0992087, -0.0475492, -0.0792783, -0.0328085, 0.00374653, -0.0275629, 0.0230475, -0.0156491, 
0.0382764, 0.0366599, 0.0161846, -0.0298947, -0.0363676, -0.0196173, -0.0530264, -0.05436, -0.00297935, 0.0433638, 
0.0311931, -0.0139054, -0.0413234, 0.0503254, -0.00292788, -0.0839654, 0.0783247, 0.0766423, 0.0209204, 0.0449009, 
0.0164875, -0.024984, 0.0487984, 0.0620265, 0.0441302, -0.165959, -0.0529536, 0.0349895, 0.0773527, -0.0588353, 
-0.00644849, 0.0232236, -0.0753109, -0.00100615, 0.0289477, 0.0809478, -0.0614246, -0.0855139, 0.0201543, 0.0743676, 
-0.0426521, -0.0159682, -0.0330763, -0.0352068, 0.0249371, 0.236996, -0.0410346, -0.0679281, -0.127605, 0.101879, 
0.0490124, -0.0419328, -0.0190246, 0.11673, -0.0537929, 0.00116059, 0.052333, -0.0199121, -0.0177869, 0.013221, 
0.0910952, 0.00626928, -0.0117023, 0.0533289, -0.0354259, -0.00362628, -0.00505583, -0.0635162, 0.0417826, -0.0283072, 
0.0257109, -0.00227776, 0.0176993, -0.0954807, -0.00135636, 0.0228173, -0.00232795, 0.055067, 0.0905518, -0.0960297, 
0.0448116, -0.0342738, -0.0552612, 0.00996662, 0.0168926, -0.00336849, -0.0341854, -0.0685688, 0.0853363, -0.0310468, 
0.0244924, -0.0723453, 0.122491, 0.000145831, 0.0274232, -0.0397351, 0.0154607, -0.0199563, -0.0389501, -0.0496468, 
-0.0564098, 0.0698113, -0.0221559, 0.0736522, 0.0507149, 0.0217087, 0.0017578, -0.0736766, -0.070641, 0.0874546, 
0.0716549, -0.0424746, -0.0207458, 0.0510441, -0.0729868, 0.0615937, -0.0211704, -0.00883312, 0.105776, 0.0302922, 
0.022938, -0.0336717, -0.043377, 0.0422826, -0.0218073, -0.0135255, -0.0666016, -0.0244594, 0.0414829, 0.0339695, 
-0.0477305, -0.0883043, -0.0249267, 0.102949, -0.0239541, 0.0677795, -0.120807, -0.120546, 0.0998908, 0.150524, 
-0.044162, 0.0943362, 0.121794, 0.00390875, 0.0255413, -0.114027, -0.092153, 0.0594682, -0.170185, 0.0128931, 
-0.0862737, -0.0632025, 0.0689928, -0.139693, 0.0443486, 0.0581189, -0.0409257, 0.0654532, 0.0216908, 0.0711488, 
-0.0238021, -0.0379366, 0.0338423, 0.0120696, 0.0542844, -0.0266981, -0.0378743, 0.00465629, -0.0654976, 0.0512822, 
-0.0743562, 0.0772436, -0.0436686, -0.139906, 0.112537, -0.00895188, 0.0434478, 0.151644, -0.100614, -0.154962, 
-0.0558949, 0.12678, 0.0262523, -0.0312254, 0.12786, -0.0470041, 0.0141393, 0.0871317, -0.117877, -0.176785, 
0.0334548, -0.0515696, -0.0435174, -0.0319626, 0.00890818, 0.0240953, 0.0241461, 0.0353431, 0.0268991, -0.0265084, 
0.060871, 0.0561649, 0.129974, -0.122038, -0.0295708, -0.0767471, 0.0735214, -0.138312, 0.012198, 0.0308061, 
0.0715683, 0.153146, -0.122445, -0.00534074, -0.0619585, 0.0444885, -0.111352, 0.142903, -0.128026, 0.0184115, 
-0.0324781, 0.0445377, 0.0761484, -0.128943, 0.0321009, 0.0223527, -0.102237, 0.0730698, 0.0622048, 0.0120981, 
-0.00323976, -0.0220555, 0.0114724, 0.0303647, 0.0204197, -0.0230217, 0.0428621, -0.0481072, 0.028979, -0.0594077, 
0.0777872, -0.01398, -0.0698111, -0.0579887, 0.0530629, 0.159582, 0.0234085, -0.0388932, -0.159804, 0.0398953, 
-0.0844569, 0.153051, 0.0544877, -0.0180119, -0.0228932, 0.0979311, -0.0815858, -0.081597, -0.125923, 0.00360632, 
-0.0577213, -0.175852, 0.107111, -0.00938736, -0.112862, 0.0170223, -0.00676903, 0.0137434, 0.0631198, -0.0465127, 
-0.156147, 0.0187894, -0.0333165, -0.00421062, 0.0490907, 0.155856, -0.0529959, 0.0971, 0.0647105, -0.0397774, 
-0.0803646, -0.0627396, 0.132346, 0.072147, -0.0102756, 0.067193, 0.0162829, -0.103434, -0.0379554, -0.0498199, 
0.0114313, 0.0340139, -0.0320121, -0.0484551, -0.0839833, -0.00920076, 0.0141067, -0.0166006, -0.0650157, 0.0814253, 
0.104412, -0.0207712, 0.0764934, 0.0199119, 0.0970251, 0.0468992, 0.024332, -0.178223, -0.0323535, -0.0791603, 
0.159471, -0.14765, 0.143974, 0.0587253, -0.110291, -0.0550813, 0.129853, -0.0614782, -0.0010237, -0.0746594, 
-4.77059e-05, 0.0208412, -0.0441014, -0.0369537, -0.0334369, 0.00322367, 0.0145031, -0.0357913, 0.0677004, -0.0588697, 
0.0591636, -0.0241989, -0.116807, -0.040506, 0.14229, 0.0167658, 0.142009, -0.147145, -0.0856732, -0.0419342, 
0.0156654, 0.053015, 0.0670161, -0.0322465, 0.0192282, -0.0956047, -0.0524997, 0.0406927, -0.00547327, 0.0204676, 
-0.0114202, -0.0159082, -0.16267, -0.116976, 0.125129, 0.114786, 0.0831456, 0.046966, -0.0917191, -0.0749357, 
-0.0190111, 0.0239981, 0.0610418, 0.033518, -0.0296248, -0.000381327, 0.0430805, 0.0568619, -0.0686674, -0.0533518, 
-0.00874255, -0.0199028, -0.0625308, 0.0272495, -0.0174421, -0.0487589, 0.0433748, -0.0334945, -0.0404138, 0.0374522, 
-0.0641132, -0.0290312, -0.021898, 0.0187792, 0.0113768, 0.00296347, -0.00846055, -0.0804752, 0.035109, 0.0183438, 
0.0916595, -0.0240329, -0.0192844, 0.0418416, -0.048219, 0.0645575, -0.0437346, -0.060481, -0.0186439, 0.035891, 
0.0438777, -0.0147828, -0.0509062, -0.155447, 0.098512, -0.0551169, -0.0195771, 0.16732, -0.0372425, 0.0957699, 
-0.0312715, -0.0020812, 0.00179934, -0.109413, 0.107724, -0.0837857, 0.0195894, 0.0461319, -0.0695561, 0.000174137, 
-0.0118315, -0.0543458, 0.0870648, -0.0836783, 0.0338793, -0.059643, 0.0568446, -0.0682681, -0.0443434, 0.0493612, 
-0.00584035, 0.0787013, -0.0317494, -0.0561666, 0.144202, -0.0995239, -0.0635892, 0.024838, -0.0669758, 0.0522926, 
0.0282261, -0.0757603, -0.048911, -0.0281116, 0.0323804, 0.0940485, -0.0724731, 0.0518957, 0.00774707, 0.0691739, 
0.0778033, -0.0427776, 0.119251, -0.0263279, 0.101431, 0.000164543, -0.0504279, 0.0321413, -0.0347736, -0.107412, 
-0.0258965, -0.0868178, -0.126813, 0.00585426, -0.0168616, 0.050403, -0.010279, -0.0283085, 0.0998837, 0.0834575, 
-0.00166464, 0.0353339, -0.0611532, -0.118831, 0.0164054, 0.0396666, -0.020768, 0.0213492, 0.0501502, -0.0111631, 
0.0181832, 0.107169, -0.101908, -0.224967, 0.0486207, 0.0701886, 0.0262571, -0.0624905, 0.00879873, -0.00464277, 
0.077893, -0.0117533, 0.125468, -0.0367215, -0.0604637, -0.00775052, 0.0500934, -0.0222544, 0.0791858, -0.110998, 
-0.00103308, 0.087815, 0.154185, 0.0464763, -0.0372363, -0.0162808, 0.0099516, -0.00768746, -0.20483, 0.0525588, 
0.0421478, 0.0151725, -0.0462412, 0.0433715, -0.0241296, 0.00544283, -0.03186, -0.0979253, -0.0279967, -0.0612506, 
0.0513495, 0.0871571, -0.0376939, -0.0830199, -0.0713717, 0.0624734, -0.00910461, -0.0853811, 0.0160647, 0.00239412, 
-0.0753413, 0.0342477, -0.140938, 0.124267, 0.116054, -0.151426, -0.0611675, 0.0952348, -0.00216627, 0.0581893, 
-0.0664264, -0.0593974, -0.039681, 0.0270694, -0.0612803, 0.0266015, -0.0262536, 0.105753, -0.0269963, 0.0855794, 
-0.0500496, -0.0133108, -0.0173146, -0.0608827, 0.0692587, 0.0524532, 0.0518538, 0.0550446, -0.0537431, 0.0101101, 
0.0466043, -0.0644243, 0.0417192, -0.0863677, -0.0602009, 0.092043, 0.0703022, -0.0716719, 0.0282427, -0.0181799, 
0.031492, -0.020447, 0.000751483, 0.0200922, -0.0225164, 0.0840202, 0.0193311, -0.0098381, -0.00745549, 0.0237392, 
0.0241678, -0.00730224, -0.0610066, -0.0218246, -0.0864258, 0.0482953, 9.75206e-05, -0.137771, 0.0394067, 0.171367, 
-0.0431271, 0.0983256, -0.0277459, 0.0400548, -0.00901468, -0.0483221, -0.0220829, -0.0256573, 0.017296, -0.032478, 
0.0768142, -0.0234539, -0.119748, -0.0139695, 0.0358187, 0.138065, -0.0168055, -0.0682859, -0.0271688, 0.0392126, 
0.0456932, -0.0996943, 0.0396285, 0.0269919, 0.145682, -0.0885087, -0.0494173, -0.110656, 0.00251868, 0.0936942, 
-0.0764729, 0.0407787, 0.0809599, -0.153516, -0.0172155, -0.0468239, -0.0343211, 0.0989588, 0.076585, -0.0623805, 
0.048908, 0.106978, -0.11822, -0.00657395, -0.183438, 0.0514593, 0.00558366, 0.0192355, 0.0310918, 0.0705232, 
0.0118838, 0.0290912, -0.0195219, 0.0979344, -0.0348317, -0.0378293, 0.037433, 0.000991738, 0.073429, -0.0621283, 
0.00927309, -0.0792608, 0.0678786, -0.0922445, -0.0905079, 0.0390123, -0.104278, 0.0282728, -0.0552397, 0.170524, 
0.10515, 0.0401908, 0.0441644, -0.0934881, 0.0422721, -0.101242, 0.0545232, -0.0998071, 0.107498, 0.0660693, 
-0.0362846, -0.0455925, -0.105942, -0.0622021, -0.0622198, 0.0643252, 0.0430285, 0.0488819, -0.037613, 0.0536073, 
0.0750797, -0.0551304, -0.021683, 0.0754321, -0.0416071, 0.0425337, 0.0628344, -0.00246248, -0.05954, -0.0491259, 
0.0165022, -0.0274788, -0.0230674, -0.03014, -0.0161989, -0.0308948, 0.0056921, 0.0221951, 0.0476645, -0.0424771, 
-0.0292549, 0.0502232, -0.0146238, 0.123602, 0.0026339, 0.145195, -0.0761968, -0.00976903, -0.0510247, -0.0616197, 
0.0804556, -0.0449202, -0.0905981, -0.103291, 0.151314, 0.0142881, -0.0665072, -0.0305657, 0.0299799, 0.0163743, 
-0.102464, -0.122602, 0.0991283, 0.010163, 0.0389601, 0.0110843, 0.0653752, -0.0571963, 0.0998799, -0.175602, 
-0.026812, 0.13399, 0.0822698, -0.0544676, -0.0733928, 0.00591835, -0.0963014, 0.116566, 0.0218634, -0.0422146, 
0.0339878, 0.0100653, 0.00207818, 0.103986, 0.0321237, -0.0902593, 0.0690072, 0.061647, -0.00633006, -0.186733, 
0.00664022, 0.167975, -0.0132804, -0.0971508, 0.097368, -0.0620893, -0.0595713, -0.0620671, -0.169509, 0.0895599, 
-0.0736127, -0.0510361, 0.113918, -0.00857509, 0.049207, 0.116822, 0.114434, -0.05006, -0.00175245, -0.113016, 
0.0567237, -0.0578975, -0.0588461, -0.13478, -0.0553065, 0.0209302, 0.0360957, 0.0736555, -0.0977131, 0.105257, 
0.022084, 0.0395007, -0.0236844, 0.0426077, -0.0319488, -0.0525209, 0.0741248, 0.0371015, -0.0246585, 0.0373101, 
-0.0294937, -0.0224558, -0.00491866, -0.0607786, 0.00464811, -0.138826, 0.0554908, 0.0571976, 0.0046761, -0.035677, 
-0.0951526, 0.0518282, -0.130846, 0.0554894, -0.0279494, 0.136749, -0.0840205, 0.0947824, -0.192204, 0.10852, 
0.0033226, -0.00297786, 0.00172186, -0.0784495, 0.087676, 0.0519514, 0.0024512, 0.00441065, 0.0212669, 0.0621973, 
-0.0268968, 0.0327028, -0.0124292, -0.052873, -0.0628171, -0.0836022, -0.0432863, -0.0248388, 0.117519, 0.126212, 
-0.0675921, 0.0125461, -0.0172143, -0.0807504, -0.0448606, 0.0656483, 0.0271169, 0.0512204, 0.0189811, 0.0113746, 
-0.059957, 0.141798, 0.073181, 0.102481, -0.05317, 0.0226589, -0.0372101, 0.0445112, -0.118897, -0.0178414, 
-0.0639841, -0.0424362, -0.0555049, 0.1729, 0.0178707, -0.0471265, -0.11725, 0.0837482, 0.0833625, 0.0744088, 
0.00567461, -0.114744, 0.0536404, 0.0839585, -0.214528, 0.115309, -0.0236249, 0.00741804, 0.0734678, 0.0797983, 
-0.0423555, 0.0106854, 0.167036, 0.137514, -0.102657, 0.0212387, -0.135156, 0.0210491, -0.0635599, -0.0684291, 
0.00882796, 0.00545917, 0.0503347, -0.0199833, 0.0824708, 0.044392, -0.038513, -0.0703834, 0.0608259, -0.0175999, 
-0.0249032, 0.00652613, -0.0379008, -0.0555667, 0.106648, -0.0239833, -0.00186202, -0.0216501, 0.0557499, -0.0932061, 
0.000820313, 0.0996753, -0.121446, 0.0238177, 0.0780368, -0.0556402, 0.0466743, 0.0714789, 0.00555507, -0.0780839, 
0.0344441, -0.072537, -0.104121, -0.027119, 0.0475886, 0.0534783, 0.0653498, 0.134746, -0.054273, -0.0772729, 
-0.0222887, -0.0600129, 0.0825099, -0.0551949, -0.0489567, -0.014634, 0.152605, -0.138722, 0.0195069, -0.136058, 
-0.0297703, -0.0371344, 0.0648382, 0.167275, 0.0533877, -0.169529, -0.0728235, 0.11393, 0.0699715, 0.0625787, 
-0.0378444, -0.0739926, -0.102466, -0.0594979, 0.217693, -0.0875912, -0.0789945, 0.124814, -0.0431758, 0.0366634, 
-0.0611749, 6.90374e-05, -0.0162831, 0.010333, 0.00866308, 0.0684038, -0.0345354, 0.0373261, -0.0608181, 0.00469083, 
0.0184891, -0.0138218, -0.0827955, -0.00324093, -0.0239988, 0.0512845, 0.0830709, -0.0157684, -0.0753996, -0.0206549, 
0.0772663, -0.0466302, -0.0481075, -0.0988233, -0.0895743, -0.0159677, 0.00818466, -0.1368, 0.140024, 0.10909, 
0.179899, -0.0270237, -0.0910163, -0.0428893, -0.192795, -0.124986, 0.0132083, -0.0398893, 0.071416, 0.203552, 
-0.152725, 0.0697925, 0.126958, 0.0898458, 0.057991, -0.104905, 0.0539877, -0.131912, 0.0921289, -0.116921, 
0.0276097, 0.0649866, -0.0529705, -0.0496984, 0.0575791, 0.0344115, 0.0147587, 0.0493918, 0.0250986, 0.0569049, 
0.00828671, -0.0463688, -0.0792198, -0.0286135, 0.0286988, 0.0401907, -0.0864698, -0.0535345, 0.0479476, 0.0304626, 
0.0706026, 0.0605731, 0.0175036, -0.00170156, 0.0289526, -0.0226309, 0.067421, -0.0430033, 0.00288118, -0.0338248, 
-0.0448145, -0.0376449, 0.0880287, 0.0230899, -0.00286307, 0.0787681, 0.000995809, -0.0596342, -0.0816823, 0.0139588, 
-0.0513458, 0.00820713, -0.0607246, -0.0123988, 0.0126851, -0.0841097, -0.00665047, 0.101874, -0.0498278, 0.0165758, 
-0.047012, -0.039496, -0.0168053, 0.0440959, -0.0168152, -0.0671498, -0.0629619, -0.0643046, 0.102884, -0.00418207, 
-0.0216829, 0.0696711, 0.00307253, -0.00221677, 0.00279066, 0.0422627, -0.0254916, -0.0278918, 0.0187885, -0.0038344, 
-0.00748855, 0.0364989, -0.0518814, 0.132295, -0.0996139, 0.115443, -0.0344506, -0.0137186, -0.0415377, 0.0503735, 
-0.0609092, -0.103497, -0.0640759, -0.0518209, -0.0460331, 0.0985757, -0.0452011, -0.0761794, 0.147565, 0.00359576, 
-0.0625307, 0.0100339, -0.0764994, 0.0408037, 0.0228876, 0.0209999, 0.054074, -0.0359085, 0.0829512, -0.0556886, 
0.0365682, 0.00738013, -0.0108973, -0.0553492, 0.0170831, 0.0320505, -0.0644617, 0.0152121, 0.0988589, -0.0360522, 
-0.0434231, 0.00555912, -0.0989032, 0.0450464, -0.0106537, 0.101843, 0.0160572, -0.0377065, -0.0252755, 0.0089138, 
-0.0664079, 0.0243362, -0.0469105, 0.138997, -0.0816651, 0.0261851, 0.12234, -0.0332195, -0.00723396, -0.0906624, 
-0.0608539, -0.0383086, -0.0222232, 0.0496471, -0.0492739, 0.0576514, -0.0608172, 0.0225716, -0.0359241, -0.0450159, 
0.00776682, 0.199274, -0.151774, -0.0376771, 0.0644982, -0.0416157, -0.0498442, 0.121149, -0.0678817, -0.00324692, 
-0.0207188, 0.0594473, -0.0986619, 0.0390222, 0.0862074, -0.0758741, -0.0847455, 0.11695, -0.0303316, 0.0385929, 
-0.0468663, -0.0799612, 0.00583095, -0.0629315, -0.0578809, -0.0135681, 0.170043, -0.133698, -0.0141835, -0.0617132, 
0.0400094, 0.0851971, 0.0555713, 0.213059, -0.142732, -0.146774, -0.0420239, -0.0614867, -0.1086, 0.087379, 
-0.0580991, 0.0992458, -0.129851, 0.0139895, -0.0332714, 0.0621427, 0.0854841, 0.119662, -0.0929064, -0.0197505, 
-0.0595919, -0.00443036, -0.0759708, -0.0333215, 0.0138718, 0.0563364, -0.141063, -0.0230952, 0.0784777, 0.0933479, 
0.0412167, 0.0448041, -0.0438368, -0.0119827, -0.0187729, -0.0249684, -0.0224118, -0.0782226, 0.0217197, -0.0531567, 
-0.0754429, 0.0631951, 0.101973, -0.0561456, -0.0458682, -0.0818174, 0.0147949, 0.0331091, 0.0516612, -0.129522, 
0.0199489, -0.0319832, 0.000641516, -0.142243, -0.0488481, 0.0844897, -0.011072, 0.128207, 0.00688838, 0.0519327, 
-0.156253, -0.141072, -0.0623404, 0.145605, -0.0742575, 0.0936978, 0.00372105, -0.0443446, 0.0108268, 0.0704934, 
0.0299336, -0.0111453, 0.0077126, -0.0668083, -0.019132, -0.0542259, 0.0806245, 0.0618774, 0.0108828, -0.127848, 
-0.00349866, 0.154625, -0.00590325, 0.00380524, 0.0103271, 0.0578271, -0.0693827, -0.0872338, 0.0156116, -0.00622337, 
-0.0998091, -0.168741, -0.0161956, 0.105554, 0.0809348, 0.00342892, -0.173886, 0.11272, 0.0246193, 0.131392, 
0.103345, -0.0465623, 0.163346, 0.0559736, -0.056398, -0.0883561, -0.0908202, -0.116334, 0.0954146, -0.158751, 
0.0262643, 0.0752092, 0.165542, -0.0977173, 0.0344518, -0.0156093, 0.00224792, -0.0942016, 0.0081606, -0.153102, 
-0.0484892, 0.0349047, 0.159884, 0.0899591, 0.0823364, -0.082254, -0.0674881, -0.0563634, -0.0186956, -0.0568823, 
0.000192966, -0.00911108, 0.0534661, 0.0897706, -0.0505962, -0.0420512, -0.0550229, 0.0299826, -0.0378321, -0.0150559, 
0.0963747, 0.19469, 0.166245, -0.0185185, -0.167092, -0.0749893, 0.0286354, 0.000414146, 0.0468059, -0.126765, 
-0.033923, 0.0796316, 0.0574809, -0.0835687, -0.0486404, 0.0673454, -0.00294257, -0.0373081, 0.0477674, 0.0220599, 
-0.113279, -0.0483952, 0.0495462, 0.103316, 0.00527846, 0.11623, -0.00609273, 0.042509, -0.0313467, -0.0279821, 
0.0278249, 0.0352107, 0.0112819, 0.0219945, 0.0577967, -0.0911506, 0.0332157, -0.0603966, -0.00118112, -0.0265771, 
-0.011904, -0.0117055, 0.0607691, 0.0371368, 0.0875157, 0.0776304, 0.0413656, -0.0712855, -0.0990197, 0.0832719, 
-0.00815317, 0.0640874, 0.00140216, 0.168104, -0.0178939, -0.0549952, -0.0249495, -0.0490262, 0.00824079, -0.0570462, 
0.132447, -0.019935, -0.0207237, -0.129217, 0.0563698, 0.069182, -0.0269551, 0.114728, -0.0953105, -0.0918905, 
-0.0613084, 0.0719743, -0.0577491, -0.0387797, -0.0839528, 0.00177571, -0.0346347, 0.136165, 0.0632664, -0.0150313, 
0.0547932, 0.0323315, -0.0252027, 0.0105853, 0.019019, -0.036284, 0.0480107, -0.0870569, 0.00431552, -0.010865, 
-0.083741, 0.0383614, -0.149829, 0.0421181, -0.0971602, 0.0633869, -0.0349868, 0.0324604, 0.0267506, 0.0151844, 
-0.0989728, 0.0281001, -0.0388639, -0.172893, -0.0495487, 0.0272419, 0.151839, 0.0545454, 0.105835, 0.0772098, 
-0.0707336, -0.0410135, -0.202554, 0.001037, 0.0301432, 0.0678289, 0.0156556, 0.0740484, 0.0562645, 0.0833191, 
0.0585155, -0.0579186, -0.0897756, 0.0156715, 0.0151506, 0.0412747, 0.0937187, -0.0546189, 0.0014585, -0.00822067, 
0.0663559, 0.039585, -0.0473071, -0.0672614, 0.132784, -0.0800752, 0.102304, -0.0354163, -0.0239099, -0.00202086, 
-0.0497978, -0.00735425, 0.0509683, -0.0969916, 0.0414559, 0.0312723, 0.0470817, -0.0536642, 0.0300416, -0.018606, 
0.0501327, -0.0221184, 0.114822, 0.033474, 0.0576984, -0.01692, 0.101837, -0.00369823, 0.0171959, -0.176182, 
-0.00932714, -0.0464916, 0.00863722, 0.0434591, -0.000895875, 0.0284086, 0.000992488, -0.0394279, -0.0878024, -0.037128, 
-0.105435, -0.0696877, -0.0646824, -0.0342769, -0.0657331, 0.09691, 0.0754118, 0.012638, 0.105841, 0.0756111, 
0.037571, -0.0780843, 0.00539739, 0.143938, 0.00464774, 0.0453424, 0.0214887, 0.0749871, 0.0238207, -0.0747451, 
-0.0591729, 0.0497942, 0.00730564, -0.0485727, 0.0332952, 0.0614507, -0.0485925, 0.0703137, -0.0839702, 0.0641587, 
-0.0714224, 0.0559093, 0.0236229, -0.0805976, 0.0504628, 0.121556, -0.0226032, 0.00482638, 0.0647189, -0.0955639, 
-0.0089151, -0.0141932, 0.0623005, 0.0488334, -0.0501514, -0.115535, -0.0643675, -0.142135, 0.0685717, 0.0384532, 
0.0290706, 0.137541, 0.0422632, -0.0424747, 0.0317631, -0.03565, 0.0589805, -0.0335374, -0.0620493, 0.0492968, 
-0.0474755, 0.0674229, -0.0391646, 0.0925236, -0.108024, -0.0222066, 0.111049, 0.054372, -0.0790641, -0.081313, 
0.0757641, 0.0496649, 0.138795, 0.102489, -0.130967, -0.114634, -0.00351975, 0.0425366, 0.0395418, -0.226862, 
-0.00678023, 0.0463947, -0.0160949, 0.112772, 0.0300374, 0.0757886, -0.0563723, -0.0175265, -0.165534, 0.0616574, 
0.0111964, -0.058928, -0.15168, -0.089166, 0.18028, 0.0231319, -0.098844, 0.0128524, -0.0909271, 0.140578, 
-0.0278989, -0.0370608, 0.05808, 0.00723757, -0.0421852, -0.0175564, 0.0348705, -0.0209665, 0.0410742, 0.0180845, 
-0.0295223, -0.0313186, -0.00113217, -0.036006, -0.031689, 0.0175231, 0.0501906, -0.0318065, -0.0437651, 0.0216333, 
0.0085101, 0.0261729, 0.197207, -0.0824213, -0.0255553, 0.0443506, 0.0885566, -0.0119096, -0.0374325, -0.0452087, 
-0.109115, -0.00112247, -0.00694514, -0.0238661, 0.116383, 0.0976892, -0.0538695, -0.0465363, 0.0625355, -0.122318, 
0.0324935, -0.0118982, -0.00432555, 0.0493865, -0.0841712, 0.103612, -0.0558622, 0.0445704, -0.0689526, 0.0432446, 
-0.0768004, -0.0297955, 0.0428516, 0.000102727, 0.025997, 0.0798171, 0.0482023, 0.0104161, -0.0385886, 0.0831367, 
0.00417785, -0.0595418, 0.0688574, -0.0350048, -0.00146821, 0.00450258, -0.122904, -0.0165071, -0.000142016, 0.112757, 
0.0347328, -0.0327683, 0.17204, -0.109688, -0.0211875, -0.0594358, -0.100845, 0.0726714, 0.15915, 0.00152157, 
0.00786856, 0.0333765, -0.0309312, 0.126115, -0.124663, 0.119046, 0.0756517, -0.086397, -0.175156, -0.0263596, 
-0.00848475, 0.0947524, 0.0342109, 0.0203025, 0.0192386, -0.0202374, -0.10142, 0.00427031, -0.00224452, 0.00155426, 
-0.0871868, 0.0677675, -0.0784538, 0.0389914, 0.00654792, 0.139035, 0.142455, 0.0154209, -0.0130642, -0.0732007, 
0.0358138, 0.0888863, -0.126006, -0.0694659, -0.0199603, 0.0182966, -0.0222478, 0.055755, 0.0701499, 0.0209316, 
0.08399, -0.0616741, 0.0727585, 0.0123773, 0.0382529, -0.0403343, 0.0634145, -0.0566519, -0.0752674, -0.0371323, 
0.0536143, -0.0514775, 0.269067, -0.0971184, 0.0234991, -0.0578566, -0.00730441, 0.0404515, -0.00508985, -0.109433, 
-0.0751915, 0.0892689, -0.0530097, 0.00697617, 0.0564032, 0.0342987, -0.0305228, -0.0690294, 0.0253549, -0.14108, 
-0.0381917, -0.018464, -0.0370058, -0.0118226, 0.0184747, 0.0643032, 0.0241809, 0.00898243, 0.0265155, -0.0798949, 
-0.0463177, 0.0307641, 0.0556913, 0.0512997, -0.0669999, 0.0319003, 0.0398371, -0.0205905, -0.0208874, -0.0164198, 
0.0410766, 0.0204539, -0.049993, -0.0382413, -0.00144663, -0.0199033, 0.0318818, 0.0104394, 0.054789, -0.00703689, 
-0.00402869, -0.0117187, -0.061904, 0.0326157, 0.0225564, 0.0383206, 0.0719309, -0.0558162, 0.0397952, -0.0107932, 
0.0517062, 0.0354263, 0.0430437, -0.0461748, -0.00209227, 0.0275631, -0.0466086, 0.0123136, 0.0535482, -0.0209436, 
0.0140024, -0.0112447, 0.020669, 0.0247258, -0.0135032, -0.0608278, 0.0433506, 0.00679033, 0.0396768, -0.0532226, 
0.0609457, 0.0184109, -0.0765168, -0.0219163, -0.0675774, 0.0376676, 0.0221399, 0.0105594, 0.0307577, -0.0172601, 
0.0152553, 0.05756, 0.0924241, -0.0702136, -0.0822466, 0.144764, -0.0914958, -0.0531707, -0.187628, 0.0970108, 
0.104897, -0.115745, -0.0387137, 0.0345115, -0.0490815, 0.038771, 0.163246, -0.0704537, 0.00770053, -0.102634, 
-0.0142602, 0.0328869, 0.0287526, -0.0272316, 0.0261482, -0.0247848, -0.0420506, 0.0132299, -0.0464547, 0.0271315, 
-0.0516823, 0.00277661, 0.094318, 0.0667015, 0.034733, -0.046916, -0.0974878, 0.0283346, -0.0180773, -0.114641, 
0.0343225, -0.107735, 0.0819266, 0.0235059, -0.0139632, -0.00771456, -0.0412385, -0.0566824, 0.12176, 0.00964551, 
0.0951463, -0.012449, 0.0485994, 0.108078, -0.078696, -0.0281735, -0.077482, -0.0947909, -0.0492535, -0.0637907, 
0.0246645, -0.104711, 0.067902, 0.0866668, -0.105948, 0.0463413, 0.0329335, -0.168405, 0.184774, -0.032513, 
-0.0077147, 0.0441881, -0.115089, -0.108329, 0.137069, -0.0225287, 0.0627256, 0.179239, -0.0758582, -0.0972461, 
0.0317931, 0.0103522, -0.0620247, 0.161086, -0.0925147, 0.0393537, 0.05995, -0.0977658, 0.016894, -0.0723998, 
-0.0471264, -0.0503667, -0.0181655, -0.0496067, 0.041482, 0.060868, -0.0126925, -0.0166512, 0.0699386, -0.0676175, 
-0.0475304, -0.00353248, -0.0326264, -0.0395862, 0.0203671, 0.0639702, 0.0503391, -0.0348331, 0.0325833, -0.0189938, 
0.00169519, 0.0900387, 0.0137959, 0.016951, 0.152842, 0.0441547, -0.0678732, -0.0970269, -0.0771667, -0.0711852, 
-0.0704671, 0.0201665, 0.148028, -0.0333468, 0.0245223, 0.0618737, -0.0059089, 0.0106983, -0.0539642, -0.0913766, 
-0.00808545, 0.00201456, 0.0139127, -0.0704128, 0.0226126, -0.0203352, 0.0224042, -0.0083082, 0.0101786, 0.0602959, 
-0.000944949, 0.0410179, 0.0890067, -0.0944545, 0.0415539, 0.0450431, -0.0594611, -0.0450485, 0.0637358, 0.0479817, 
0.0917759, 0.017487, -0.062047, 0.0837265, -0.0203847, 0.0373242, 0.0708916, 0.0116949, -0.00404306, 0.0463972, 
0.0818014, -0.0207318, 0.016097, -0.0196206, -0.089147, -0.0286359, -0.0894754, 0.0153568, 0.113245, -0.125034, 
-0.0663721, -0.0142129, 0.01817, -0.0871329, 0.033413, -0.099934, 0.00390602, 0.0478673, -0.0259667, 0.114038, 
-0.0611878, 0.0251693, 0.00105084, -0.0390225, 0.157038, 0.00309981, -0.0273198, 0.0210766, 0.103014, -0.117726, 
0.0250376, 0.0264763, 0.0480827, -0.0787667, 0.040834, 0.0270033, -0.0856882, -0.0653741, 0.0150104, 0.000713704, 
0.0377889, -0.0228211, 0.0117575, 0.015901, -0.0845489, -0.0157228, -0.0729576, 0.15776, -0.0183761, -0.107405, 
-0.0706263, -0.012207, -0.0682177, -0.0431201, 0.163743, 0.031276, -0.0972465, 0.0376366, 0.11387, -0.12069, 
-0.0915421, -0.0845153, -0.0975324, -0.00292325, 0.0415126, -0.0100595, 0.0158139, 0.107027, 0.0273064, 0.0521386, 
0.111774, -0.0222132, -0.0348406, 0.0397523, -0.043878, -0.00818732, -0.0508566, 0.0155262, 0.0591775, -0.035801, 
-0.0563155, -0.0179205, -0.055897, 0.0323618, -0.0570253, -0.00577366, -0.0214193, 0.0591678, 0.0249474, -0.0432378, 
-0.0490032, 0.0214774, -0.0740658, 0.159647, -0.100675, -0.115, -0.087373, -0.0159369, 0.14784, 0.0230219, 
0.0157091, 0.101005, -0.0773046, 0.144463, 0.0404938, -0.0673224, -0.098628, 0.1155, 0.00463777, -0.0903987, 
-0.0263035, 0.00464672, 0.0572847, -0.0253128, 0.00624043, 0.0365533, -0.00563007, -0.0667856, -0.0737012, 0.0255698, 
0.101833, -0.0194124, 0.045704, -0.112794, -0.100458, -0.0335416, -0.0195575, 0.0757937, 0.00011935, -0.158479, 
0.0155192, 0.0167336, -0.0534559, -0.105122, 0.0366884, 0.0366261, -0.0516974, -0.0589647, -0.0998416, 0.0487627, 
0.116915, 0.0175931, -0.0788604, -0.0503615, -0.0171307, -0.0808244, 0.0168682, 0.0254718, 0.0329826, 0.0624493, 
0.0380547, -0.0156315, -0.0717235, 0.1334, -0.0790921, 0.119707, -0.0765681, -0.11137, 0.0758953, 0.0570823, 
-0.0905794, -0.0124471, 0.0275111, 0.139831, 0.0302598, -0.0607942, 0.07114, 0.107264, -0.0663814, -0.0383182, 
0.0600204, 0.00412857, -0.155397, -0.0172775, -0.0348378, 0.100219, 0.0205161, -0.000608214, -0.0778461, -0.0292421, 
-0.0277553, 0.00791497, 0.090337, -0.0505423, -0.0403253, -0.0343751, -0.0496743, -0.0182176, -0.0597392, 0.0113431, 
-0.00175456, 0.0120454, 0.0612221, 0.182497, -0.0617564, -0.0447685, 0.0104027, -0.0139522, -0.00116663, -0.148106, 
-0.00498176, 0.0779738, -0.0214772, -0.144468, 0.140862, -0.0564616, -0.120827, 0.0781815, -0.0741691, 0.12307, 
-0.116986, 0.0054178, -0.10126, 0.0495672, -0.0995566, 0.237348, -0.0670123, 0.0162717, 0.0790524, -0.0829667, 
-0.000864567, -0.0701158, 0.0441821, -0.094233, -0.0553392, 0.111692, -0.00116367, 0.00828096, -0.0575858, 0.000916401, 
0.0381755, -0.0525997, -0.0325729, 0.0391006, -0.0815777, 0.077556, -0.0187197, 0.00538675, 0.122197, -0.0917468, 
-0.0158508, 0.056464, 0.0997924, -0.0542434, 0.053438, 0.0533603, 0.242851, -0.137363, -0.112423, -0.0241007, 
0.0542862, -0.0385058, 0.023405, -0.0304985, 0.0960018, -0.0877593, -0.0228059, -0.0645689, -0.0766939, 0.124035, 
-0.0869294, -0.116757, -0.0128861, -0.0183494, -0.00528492, -0.0337341, 0.0970302, -0.0583399, 0.0821216, 0.0113128, 
0.0404343, -0.0367669, 0.0222969, -0.0444003, -0.0369401, -0.0120694, -0.0054179, -0.057335, -0.000395961, -0.0360781, 
-0.0285329, -0.0106898, -0.0811768, -0.0244597, -0.0797495, -0.00518562, 0.0233363, -0.0581241, 0.0990083, 0.071365, 
-0.00789274, -0.0365812, 0.00523509, -0.02143, 0.0535939, 0.00509427, -0.00869653, 0.0594218, -0.0283042, -0.0702808, 
-0.0247069, 0.0577265, 0.115887, -0.0709664, 0.0816143, -0.0372887, -0.0668266, 0.0566413, -0.0520599, -0.0874306, 
-0.0355506, 0.0593332, 0.125322, -0.0395882, -0.118083, 0.0399419, -0.015571, 0.1668, -0.1443, -0.0420744, 
0.0404328, 0.0536133, -0.109507, -0.101551, 0.0661683, -0.0383662, -0.0209619, 0.135098, -0.0337422, -0.00787933, 
-0.0267464, 0.0399648, 0.133603, -0.140998, -0.0843443, -0.066939, -0.012685, -0.061119, 0.0835762, -0.0443839, 
-0.122723, 0.0178689, 0.0131851, -0.111175, 0.0949918, -0.0932761, -0.0234959, -0.067065, -0.0041361, 0.126234, 
0.0392085, -0.0454199, -0.0994102, -0.0370632, 0.0218609, 0.0480276, -0.0624028, 0.230179, -0.0496682, -0.0283245, 
0.00691573, -0.0696348, 0.0127254, -0.104638, -0.0415745, 0.0429447, 0.133823, 0.0610751, -0.0242398, -0.0403275, 
0.0178563, 0.0429568, 0.117766, -0.0343101, -0.0697281, -0.0584564, 0.0334568, 0.166644, -0.0843158, -0.0186339, 
0.0166952, 0.0057144, -0.0105658, -0.0120607, -0.0658027, -0.0351538, 0.00279175, 0.0308503, -0.0296002, 0.0810488, 
-0.0447433, -0.0993411, 0.154054, -0.0925045, 0.0432045, 0.0121272, -0.0476327, 0.0648036, 0.0599853, -0.0574903, 
-0.0250304, 0.059943, 0.0483107, 0.0350454, -0.0404211, 0.0657292, -0.0672382, 0.088178, -0.0966164, -0.124568, 
0.0386438, 0.101057, -0.0156316, -0.0447569, -0.013334, -0.0534357, 0.0249051, -0.0154589, -0.0610931, 0.00436617, 
-0.0566096, 0.0233848, 0.0306846, 0.0495954, 0.0349613, 0.0478502, -0.0500171, -0.022987, -0.0052617, 0.0235233, 
-0.050939, 0.0284155, -0.0167776, -0.0276957, -0.0342804, 0.0657317, 0.0505171, -0.0803455, -0.0392313, -0.00137268, 
-0.0376356, 0.137446, 0.006652, 0.0403484, 0.000699093, -0.0832921, -0.0771386, -0.0231654, -0.0146998, -0.114828, 
0.0337077, -0.00911674, -0.00360546, 0.0659807, 0.021955, -0.124371, 0.0730138, -0.0545379, 0.0545093, 0.0912205, 
0.099486, -0.0482483, 0.0753259, 0.0725346, -0.0433528, -0.142084, -0.0359319, -0.0476986, 0.0720558, -0.056749, 
-0.108809, 0.0282609, 0.0116171, -0.0147495, -0.0143097, -0.121506, 0.0861126, 0.0741781, 0.0782738, 0.0160097, 
-0.0161779, 0.0971221, -0.0634277, -0.00322141, -0.0196801, 0.0354996, -0.0221594, -0.0203344, 0.0347547, -0.0498495, 
-0.0436627, -0.0150493, 0.127447, -0.0145353, 0.0107504, -0.0184528, 0.0536229, 0.0376737, -0.115674, 0.0174422, 
0.160403, -0.0657089, 0.0821049, 0.0120402, -0.0606383, -0.122972, -0.0555726, -0.0682432, 0.13085, -0.0867122, 
-0.132216, 0.0377138, 0.079141, 0.104337, -0.108626, 0.0742423, 0.0138784, -0.169157, 0.131029, -0.00252298, 
-0.041751, -0.0234773, 0.00600363, -0.0496942, -0.0304308, 0.0667389, 0.0392462, -0.0946038, 0.0274024, 0.0640221, 
-0.0282115, -0.0263266, -0.0374464, 0.0978289, -0.0982649, 0.0464881, 0.0488129, -0.00496784, -0.00349809, -0.00532646, 
0.057451, 0.0198278, 0.00960997, -0.0508754, 0.0509877, 0.0347473, -0.04284, 0.0160713, -0.0598899, 4.37521e-05, 
-0.0652629, 0.0946338, 0.0285376, -0.105124, 0.229094, -0.0439286, -0.0532029, -0.112869, 0.114833, 0.0681, 
0.11261, -0.0197481, -0.160232, 0.0488992, -0.0280921, 0.0193197, 0.114943, -0.108909, 0.0597332, 0.0230061, 
-0.0853802, -0.0242982, 0.0354424, 0.0616052, 0.00727238, -0.0651693, 0.0111892, 0.0246935, -0.135742, 0.133579, 
-0.0758789, 0.144817, -0.0815724, 0.0229492, 0.0314553, 0.0179597, -0.044792, 0.0657675, 0.0697474, -0.00227163, 
0.0119591, 0.0771373, -0.014139, 0.0494942, -0.0646582, 0.00826695, -0.153497, 0.0385731, 0.0739744, 0.0158083, 
0.0322433, -0.00191152, 0.0646825, 0.0576153, 0.0302826, 0.0112149, 0.0650095, -0.0535627, -0.0416262, -0.111765, 
0.121862, -0.0279275, -0.0201001, 0.0887719, -0.040883, -0.0435126, -0.0855862, -0.0067935, 0.0289021, 0.00375317, 
0.101465, 0.0432114, 0.0981158, -0.141685, -0.0705041, 0.0534808, -0.0477694, 0.00146407, 0.205605, -0.165026, 
0.123231, -0.0841919, -0.0445609, 0.00645315, 0.0201669, 0.062385, 0.0775168, -0.0705997, 0.00496193, -0.0649771, 
0.0122207, 0.0842348, -0.0414078, 0.0426978, -0.0537009, -0.00578576, 0.0362788, -0.0214324, 0.0639689, 0.0161833, 
0.0441945, 0.00111437, -0.00033265, -0.110819, 0.0290201, 0.10372, 0.0541598, -0.0360376, 0.0641722, -0.0622998, 
-0.0934414, -0.0185953, 0.113409, 0.0419976, -0.0122276, 0.0953194, 0.0620754, 0.0467433, -0.075356, -0.133917, 
0.0038019, 0.0499635, -0.0752232, -0.0344477, 0.102221, 0.0114498, 0.0741495, 0.0122351, 0.126077, -0.0113381, 
0.0177362, -0.0383575, 0.0173361, -0.027956, 0.0112514, -0.0382384, 0.0246989, 0.0987906, -0.018558, -0.0343508, 
0.00436943, -0.0302835, 0.059212, -0.0129181, -0.0850139, 0.0415971, -0.0268129, -0.00641052, -0.0191535, 0.044722, 
0.0459728, -0.0416504, 0.0264217, 0.0222095, -0.0101278, 0.0436093, 0.0457953, 0.0229909, -0.0529157, -0.0576952, 
-0.0950713, 0.076398, -0.00136936, 0.122852, 0.113671, -0.00574549, -0.0741226, -0.0471723, 0.00636554, 0.041248, 
-0.0204161, 0.105061, 0.0136076, -0.00598308, 0.0677856, -0.133084, -0.087092, 0.0849815, -0.0562592, -0.119448, 
-0.0110953, 0.0616857, 0.0010074, -0.107531, -0.0855447, -0.00536178, -0.0819693, 0.0485525, -0.0414561, 0.117185, 
-0.0387738, 0.0471424, -0.059601, -0.0299311, 0.122948, -0.0514159, -0.0778666, -0.0492149, 0.0409158, 0.0681874, 
0.0880971, 0.0411256, 0.0150164, -0.0288077, 0.0507093, -0.0600568, 0.0457541, 0.0842751, -0.0275418, -0.0108842, 
-0.0136839, -0.0151413, 0.00261304, 0.128181, -0.127806, 0.0234652, 0.0473165, -0.0309274, -0.00595502, -0.104258, 
0.0176918, 0.0453992, 0.0296217, -0.077091, 0.055691, 0.0757732, -0.00172303, 0.00184011, -0.0354219, -0.00411898, 
0.0446192, -0.110776, 0.034548, -0.0367116, 0.173161, 0.0559208, 0.0293289, -0.110262, -0.0584134, -0.100714, 
0.0826255, -0.0643736, 0.0414528, 0.00727937, -0.130108, 0.0274763, -0.0499152, 0.0651281, -0.134848, 0.0762566, 
0.0135167, 0.00351133, 0.0845239, 0.0370484, 0.0203452, -0.0617142, -0.0773893, -0.0351557, 0.0228163, 0.00385413, 
-0.00800636, 0.0690487, 0.0605828, -0.0915567, 0.122569, -0.199194, -0.0999051, -0.101105, 0.0652255, 0.140261, 
0.0440547, 0.00428237, 0.0113289, 0.0510447, 0.0491194, 0.0277029, -0.00663474, -0.102726, -0.0520964, -0.0137787, 
0.065671, 0.00757074, 0.000655693, -0.043876, -0.0251178, 0.0691427, -0.102826, 0.0856721, -0.054452, 0.0737079, 
-0.0137699, 0.0548531, -0.207859, -0.0440661, 0.00251481, 0.110432, 0.058675, 0.00295238, 0.0169885, 0.0918295, 
0.0502143, 0.0494328, -0.0384794, -0.089624, -0.129966, 0.0661084, -0.0232225, 0.00937594, 0.135304, 0.0123838, 
-0.0784138, 0.0578293, -0.00980145, 0.107774, -0.0168028, -0.10678, -0.115933, 0.0292344, 0.0830485, -0.0715866, 
0.0185675, -0.0470257, -0.0634893, 0.0563518, -0.0702993, -0.0487757, 0.0674711, -0.013656, -0.0294829, 0.105451, 
-0.0738866, 0.10838, -0.0699688, -0.00932055, -0.0277286, 0.128572, 0.0197404, 0.0463407, 0.080256, -0.18396, 
0.0630486, 0.0813904, 0.0870854, -0.0825329, 0.0661993, -0.0912859, -0.00285645, -0.0956855, 0.0225391, -0.0700763, 
-0.072889, -0.047233, -0.0500809, 0.0518246, 0.0446673, 0.0232714, 0.000655587, 0.0904673, -0.0982249, 0.0967723, 
0.0872897, -0.0884659, 0.106657, 0.0548468, -0.0361102, -0.0886235, -0.0298866, -0.0741549, 0.0825675, -0.0226348, 
-0.010515, -0.0635199, -0.0157695, 0.0272522, -0.138885, 0.0840231, 0.0242343, 0.137331, -0.0510489, 0.0444828, 
0.00826575, 0.0374036, -0.129577, 0.0495384, 0.128387, 0.0954232, -0.0300991, -0.104954, -0.093151, 0.0728262, 
-0.089776, 0.0121728, 0.0731721, 0.161157, -0.0105914, -0.00551605, 0.0350503, 0.235632, -0.140863, -0.0667833, 
0.00248135, 0.0303369, 0.125404, -0.00441909, 0.0247757, -0.103918, -0.0507196, 0.0733879, -0.112246, -0.118735, 
-0.014246, -0.0661934, -0.0518832, -0.00985735, 0.0437765, 0.0427941, 0.048275, -0.0161754, 0.0564818, 0.0324838, 
0.063411, -0.0245579, -0.118594, -0.0227425, 0.105448, -0.11028, 0.0672181, -0.0104546, -0.0190198, 0.108039, 
-0.0388319, 0.0174591, -0.0191986, 0.0467014, -0.00620526, 0.108835, -0.167091, -0.095991, 0.0871733, 0.135228, 
0.0723173, 0.0450111, -0.0698794, 0.134946, 0.0220913, 0.0524586, -0.0383779, -0.0600369, -0.129739, -0.0829003, 
0.0650625, -0.0727003, -0.0479893, 0.221445, -0.100449, 0.0289777, 0.0564615, -0.0793026, -0.0154962, 0.00640666, 
-0.00683067, 0.075723, -0.0115143, -0.00213345, -0.0460907, 0.00600043, 0.0306577, -0.0503179, -0.0509244, -0.0304284, 
-0.097047, 0.0690167, -0.00404457, 0.0829614, -0.0764194, 0.0264092, -0.0772972, -0.0379815, -0.0363006, -0.00242722, 
-0.010315, 0.020064, 0.105776, 0.0665467, 0.020657, -0.00510739, 0.0290292, 0.112521, -0.0599048, -0.0979045, 
-0.0331517, -0.0203665, -0.121276, -0.0222353, -0.0386383, 0.0606777, 0.176945, -0.0440179, -0.0901646, 0.0385402, 
-0.0136522, -0.102203, -0.056574, 0.0323272, 0.0211644, -0.123185, -0.0393078, -0.0191138, 0.0790192, 0.161215, 
0.0557116, -0.0192364, -0.0137791, -0.0583342, 0.0326084, 0.0369525, 0.0150686, 0.0649823, -0.0285891, -0.0216193, 
0.0260969, 0.0339293, -0.0566175, 0.0251111, 0.0515603, 0.026411, -0.0749715, 0.0899388, 0.00946944, 0.00428583, 
-0.00838953, -0.1079, 0.0707046, 0.0927569, -0.0379682, -0.00126984, -0.0388785, -0.147728, 0.0466602, 0.0147967, 
0.159308, -0.13704, 0.0901038, -0.202453, -0.0849681, 0.0489496, 0.0518998, 0.0556052, -0.0190085, 0.121952, 
-0.0407801, 0.0381289, -0.0585107, -0.0596607, -0.00734217, -0.0241734, 0.0507313, -0.0120864, 0.0013857, -0.0707913, 
0.0902418, -0.00122367, -0.0870991, 0.0110512, -0.0819781, 0.0394787, -0.0164518, 0.0080551, 0.0335727, 0.0488521, 
-0.0810351, 0.0922091, 0.123372, 0.00575648, -0.0672144, -0.0980674, 0.0958902, 0.0321624, -0.059179, -0.0557541, 
-0.0707224, -0.0987679, 0.0010645, -0.0177572, 0.0791159, 0.0333823, -0.0463021, 0.083779, 0.124131, -0.0860051, 
-0.0481253, -0.0388117, 0.050588, 0.0358323, 0.0117509, -0.0884496, 0.0569838, 0.0638524, 0.00573584, -0.05783, 
0.11314, -0.0776096, 0.123929, -0.151886, 0.00553417, -0.0966109, 0.0779583, -0.0597149, -0.0826592, 0.116527, 
-0.108671, 0.0980845, -0.0446428, 0.0225388, -0.0103914, 0.0480344, 0.172507, 0.0180254, 0.0440214, -0.0976447, 
-0.0448363, 0.091845, 0.135849, 0.0406681, 0.00120788, 0.139049, -0.0401578, -0.0614515, -0.0910338, -0.154782, 
-0.0393773, 0.0661278, -0.00193378, 0.025373, -0.0208321, 0.0332974, 6.76715e-05, 0.0583422, -0.0142402, -0.0388509, 
-0.0177605, 0.0478496, 0.00184331, -0.0654743, -0.0379122, -0.0442178, -0.00972109, -0.0144291, -0.00475981, 0.0318713, 
0.0101778, 0.0988883, -0.190953, -0.226752, 0.1637, 0.202154, 0.0222731, -0.00930547, -0.0258975, 0.0668415, 
0.0213755, -0.124882, 0.147089, 0.0736574, 0.0580168, -0.00578427, -0.0885716, 0.03908, -0.111124, -0.0192743, 
-0.0284565, 0.0162892, 0.0170879, 0.18831, -0.0801529, -0.0387023, -0.107039, 0.0694319, -0.167624, 0.129045, 
-0.0146981, -0.0681607, -0.0418844, 0.0970888, 0.0295659, -0.0288438, 0.087867, 0.0253323, -0.0798702, -0.0470048, 
-0.0285482, 0.0243039, -0.105499, -0.0348681, 0.00651519, 0.160971, 0.00642221, 0.00225217, -0.0520674, -0.0560484, 
0.045322, -0.0631059, 0.0295946, -0.0695894, 0.0409127, 0.0863557, 0.00875434, 0.0184361, -0.0778756, 0.141944, 
0.0355134, -0.0882209, 0.0735166, -0.0752012, 0.0407364, 0.0631157, -0.0907937, 0.0528081, -0.067003, 0.0768297, 
-0.0804258, 0.0690315, 0.112576, -0.0569973, -0.0887584, -0.0735981, -0.0747916, 0.0889062, 0.0732761, 0.0558562, 
-0.0482905, 0.0202954, -0.172546, -0.00249728, 0.163028, -0.0199804, -0.195733, 0.100402, 0.196641, 0.0920562, 
0.181764, -0.0455355, 0.0525742, -0.168914, 0.00312209, -0.0784426, -0.0249086, -0.049046, 0.0574256, -0.0615604, 
0.0286982, 0.0270652, 0.0751421, -0.0774593, 0.00621208, 0.0328039, 0.0370444, 0.0654353, -0.0139316, -0.0441531, 
-0.0273589, 0.00697028, -0.0443439, 0.0224122, -0.0310829, 0.000772772, 0.0177156, 0.0411477, 0.0420919, 0.0471821, 
0.0514049, 0.0615115, 0.0416996, 0.078915, -0.0952762, -0.0767022, -0.0752634, 0.0741611, -0.007235, -0.0622091, 
0.0521082, -0.0125617, -0.0294565, -0.119812, 0.0298316, 0.158769, 0.0804226, -0.0262455, -0.0656262, -0.0628088, 
-0.0160301, -0.0565294, -0.0702269, 0.0227666, -0.0207985, -0.0301363, -0.0548553, 0.0731842, -0.00877052, 0.0406269, 
0.0768119, -0.0949512, 0.0315314, -0.0979039, 0.074981, 0.0352486, -0.0661565, -0.0668945, 0.0906075, 0.0667011, 
-0.0793675, -0.00280477, -0.0161746, -0.13105, -0.0461455, 0.0926817, 0.101599, -0.114583, 0.137553, 0.0195172, 
0.0800797, -0.0664393, -0.0260188, 0.0191809, -0.092134, 0.0205843, 0.0664597, -0.0306281, -0.0230569, 0.00643324, 
-0.0338327, -0.0318033, -0.0635291, -0.0338395, 0.103034, 0.0457588, -0.0835657, 0.117887, -0.104385, 0.0559903, 
0.0158277, 0.0538105, -0.011567, 0.0601705, -0.0341046, -0.0476074, 0.0509051, 0.0129325, -0.0212877, 0.00308021, 
-0.0268412, 0.0633709, -0.0755472, 0.0179887, 0.0433691, -0.0344665, 0.0335753, 0.00166481, -0.0545287, -0.0543855, 
-0.0463675, -0.0115941, -0.0108109, -0.0469396, 0.049414, -0.0546457, -0.0912508, 0.12319, 0.152804, -0.155822, 
0.0250164, 0.0354866, -0.0189961, -0.00838878, -0.0510678, 0.0431048, 0.12562, 0.0561509, -0.124666, 0.0549317, 
0.0770482, -0.0121239, -0.0313248, -0.121451, -0.0871681, -0.0616338, 0.107162, -0.0847631, 0.0410438, -0.0647224, 
0.0222036, 0.0729221, 0.11531, -0.00943439, -0.0890856, 0.110917, -0.077346, 0.0995868, -0.103987, -0.0953536, 
0.053183, -0.0755268, 0.0242935, 0.0237646, -0.0854914, -0.0202237, 0.0757256, 0.046444, 0.0297116, -0.0123048, 
-0.00556126, 0.00199653, -0.0115399, -0.0426172, 0.14494, -0.0881535, -0.0258531, 0.0136335, 0.0593771, 0.138252, 
0.00909461, 0.0408509, -0.0232438, -0.0713309, 0.00133462, -0.0941848, -0.0588531, 0.0152773, -0.0662304, -0.0760921, 
0.0180794, 0.00533402, 0.0802303, 0.0511428, 0.0369683, 0.0133615, 0.0344517, 0.0173383, -0.0717817, 0.0204703, 
0.121379, -0.0545632, 0.0940993, -0.0732208, -0.0665016, -0.089263, -0.0683624, -0.00368316, 0.0376732, 0.0269506, 
0.0929413, -0.0773836, 0.0589375, -0.0282105, -0.0662688, -0.0038738, 0.0612681, -0.0142707, 0.157702, -0.0863604, 
0.0508651, 0.0700166, -0.0375988, -0.112425, 0.0680736, -0.0906476, 0.034073, 0.0502981, -0.085227, 0.0178104, 
0.00842181, -0.116213, -0.111133, 0.0354822, 0.00663371, -0.0761888, 0.0694112, 0.0182366, 0.143905, 0.118201, 
0.00917959, -0.0534142, -0.103292, 0.00978192, 0.091221, 0.0908152, -0.00236784, 0.0465361, -0.043414, 0.138157, 
0.0350347, 0.0237279, -0.0506994, -0.0395659, 0.0112577, -0.0236531, 0.0351852, 0.0670808, -0.0520134, -0.0783646, 
0.0705992, -0.0739432, -0.0386306, 0.0292059, -0.153804, 0.111251, -0.0173289, 0.0683724, 0.045422, 0.084348, 
-0.0558923, -0.0651916, 0.13511, 0.0358171, -0.0840095, 0.0585694, 0.00968955, -0.11739, 0.113814, -0.106822, 
-0.128967, -0.0522706, 0.112737, -0.0692635, -0.0831731, 0.0585993, 0.00778556, 0.0994808, 0.0716066, -0.105985, 
-0.0621318, 0.0592859, 0.106348, -0.0119955, 0.0191574, -0.00230665, -0.0162121, 0.0637976, -0.0294313, -0.161463, 
0.0551773, 0.00147333, -0.0277104, 0.0628132, -0.0156683, 0.00141446, -0.0252169, 0.0354336, 0.142418, -0.0346206, 
-0.0738371, 0.0434803, -0.0218428, 0.0441998, 0.0458057, -0.0687241, 0.0873353, -0.0663593, 0.112773, -0.195529, 
0.105077, -0.0300594, 0.0985195, 0.114268, -0.0465982, -0.099826, -0.128833, 0.00294309, 0.00555991, 0.0337487, 
0.0148633, -0.0333247, 0.078726, -0.0407702, 0.0397065, 0.0128194, -0.0422924, -0.0234417, 0.111713, -0.0862451, 
0.0106005, 0.0350094, -0.0102053, -0.00131295, -0.0348894, 0.0131935, 0.0224728, -0.0468754, -0.00797946, 0.0747323, 
-0.0172036, -0.0503493, -0.075081, 0.0538135, 0.0260148, 0.126852, -0.0575237, -0.0608686, -0.0867015, 0.0484057, 
-0.024422, 0.0491275, 0.0617479, -0.051877, -0.0248003, 0.0322848, -0.0474448, 0.0221928, 0.0191165, -0.00466226, 
-0.0406942, 0.0261946, 0.0509577, -0.0456291, 0.0365303, -0.038115, -0.0307191, 0.00676912, 0.0473747, 0.0162163, 
0.0318361, -0.0375378, -0.0359891, 0.0230628, -0.0307747, 0.0196101, 0.00619212, 0.0453182, -0.0327392, -0.0934945, 
0.0068446, -0.0415452, -0.00870012, 0.043523, -0.11997, 0.00993221, 0.00440413, 0.03595, 0.0488809, 0.0622526, 
0.0517644, 0.0446219, -0.05538, 0.0875036, -0.0760555, -0.0371853, 0.0914409, 0.0756316, -0.00870587, -0.126859, 
0.220011, 0.0858394, 0.0893109, -0.0889954, -0.0268185, -0.0754828, -0.0896147, 0.0289812, -0.0701553, -0.0785816, 
0.0193069, 0.110874, 0.203703, -0.0772794, -0.0550447, 0.025571, -0.150821, 0.116027, 0.000105854, -0.19446, 
-0.00485627, 0.0615824, -0.000378203, -0.0741586, 0.0110403, 0.0194014, -0.0558812, -0.0218834, -0.0129641, 0.0605994, 
0.0619008, -0.00177706, 0.0182994, 0.000602499, -0.0940672, 0.0027615, -0.0779797, 0.0454854, -0.0587152, 0.0507086, 
-0.0680624, -0.0406698, 0.0199171, -0.0790577, -0.0550814, 0.053202, -0.0527657, -0.0619273, 0.0573281, 0.133526, 
0.063894, 0.085881, 0.006141, -0.0304569, -0.0555601, -0.0842755, 0.0591727, 0.0836106, -0.00471965, -0.116485, 
0.0411236, 0.0154908, -0.0308942, -0.022723, -0.0465769, -0.0441971, 0.0117498, -0.0472091, -0.0134903, -0.0410508, 
-0.00144323, 0.0136712, -0.0070228, -0.0377623, 0.134553, -0.0865678, 0.0758519, 0.0128855, -0.0283674, -0.0793037, 
-0.0351445, 0.123883, 0.12807, -0.0132167, 0.179642, -0.138364, 0.00515563, -0.10353, -0.0734601, 0.0173746, 
-0.0857252, -0.0810362, 0.0405, 0.0117565, 0.0581681, 0.0222254, 0.0268836, -0.094456, 0.0303908, 0.0848679, 
0.122563, -0.0207433, 0.0191366, 0.0350984, -0.00957761, -0.0431983, -0.0534879, 0.0580426, -0.0902125, 0.00534052, 
-0.029999, -0.0443805, -0.015547, 0.0528548, 0.0862105, -0.0898587, -0.106623, -0.0273157, 0.0577703, 0.123005, 
0.0947077, -0.00390269, 0.0829239, 0.0398768, -0.224229, 0.0723289, 0.0499488, 0.0452842, -0.06899, 0.0762723, 
0.101886, -0.038087, -0.0337625, 0.0313071, 0.0350406, -0.136225, 0.0425012, 0.0361896, -0.160311, 0.19636, 
-0.0825207, 0.0319437, 0.121952, -0.00211075, 0.0809859, -0.0461794, 0.0368791, -0.123906, 0.0414008, -0.102716, 
-0.0562523, -0.0927402, 0.0573872, -0.0179309, 0.125174, 0.0361546, -0.105239, -0.100681, -0.037992, 0.136571, 
0.0674399, -0.0726125, -0.0186043, -0.0118929, -0.042676, 0.0839527, 0.0911743, 0.0359877, 0.103015, -0.103157, 
-0.0119271, -0.0879335, -0.0974741, -0.0101931, 0.0166552, -0.0739502, -0.0733299, 0.0780679, 0.045694, 0.160177, 
-0.0146143, 0.0614028, 0.0518071, -0.0165528, 0.033254, 0.0227421, -0.130481, -0.141591, -0.0199849, 0.139465, 
-0.0755124, 0.0596931, -0.110638, 0.109398, -0.0320407, 0.112383, 0.0299943, -0.0264639, -0.109566, -0.0816754, 
-0.132186, -0.00364918, 0.0512175, -0.0603082, 0.0954777, -0.0178194, 0.00700406, 0.0833675, 0.0769554, -0.0249151, 
0.0561972, 0.0113927, 0.0842384, -0.122324, 0.119361, 0.0116234, -0.0232108, -0.0749456, 0.0194903, 0.00430189, 
0.0246393, -0.0443875, 0.0631432, -0.028254, -0.093643, -0.0502952, -0.0169298, -0.00692529, -0.0238237, 0.0221741, 
-0.118832, 0.0928971, 0.0357175, 0.169916, -0.0588594, 0.0855447, -0.107092, -0.0446179, -0.148283, 0.0810137, 
-0.0571614, 0.0382163, -0.0531828, 0.0346379, -0.071508, 0.0425953, 0.0364183, 0.0197141, 0.0232201, 0.0842588, 
-0.0602457, 0.0973971, 0.0243713, 0.0134425, -0.0366973, -0.0387669, 0.0825263, 0.00219885, 0.0535085, -0.088703, 
0.0979321, 0.0856353, -0.112386, -0.0990748, 0.0565062, 0.0479774, -0.0799722, 0.0340464, -0.0595368, 0.0152695, 
0.0447174, -0.0500839, -0.0339344, -0.00884671, -0.0797904, -0.116858, 0.135664, -0.0104617, 0.0230127, -0.0254392, 
biases
10,
-0.0108983, 0.0325904, -0.00462668, -0.0157312, -0.00648891, 0.0112223, -0.0267437, -0.0105221, 0.0597556, -0.0285668, 